11 0.367289 0.518277 0.051745 0.063316
11 0.384030 0.870473 0.043628 0.064899
11 0.358665 0.956742 0.040584 0.047487
15 0.041092 0.398768 0.058847 0.068065
4 0.147879 0.401143 0.017756 0.050653
0 0.181108 0.394811 0.049716 0.060150
4 0.046672 0.520652 0.017248 0.052236
17 0.321885 0.514320 0.042106 0.064899
25 0.193537 0.515903 0.046165 0.071231
31 0.395191 0.616417 0.038555 0.060150
0 0.040838 0.708226 0.067472 0.060150
31 0.130631 0.868099 0.063413 0.072814
17 0.325690 0.959116 0.029424 0.049070
31 0.176035 0.963865 0.064935 0.052236