21 0.179321 0.316496 0.218590 0.295396
25 0.814073 0.388107 0.330287 0.136829
7 0.669948 0.101662 0.226997 0.095908
0 0.274804 0.534527 0.450391 0.156010
21 0.059217 0.808824 0.048042 0.075448
21 0.061019 0.885550 0.025222 0.039642
0 0.350470 0.810742 0.145326 0.053708
25 0.221959 0.815217 0.114099 0.067775
7 0.328851 0.883632 0.075666 0.038363
6 0.517415 0.876598 0.097284 0.047315
25 0.162507 0.884271 0.074465 0.034527
0 0.241414 0.881861 0.101627 0.046233
22 0.634987 0.886288 0.138582 0.072792