1 0.154819 0.320534 0.045798 0.026711
1 0.413493 0.313022 0.044102 0.031720
1 0.646723 0.313856 0.042405 0.030050
1 0.158212 0.904841 0.045798 0.030050
1 0.400771 0.906511 0.042405 0.033389
1 0.656052 0.902337 0.050887 0.035058
1 0.919814 0.911519 0.045798 0.030050
1 0.176022 0.424040 0.027139 0.016694
1 0.427063 0.414858 0.023747 0.021703
1 0.679799 0.414858 0.027139 0.018364
1 0.903700 0.128548 0.047494 0.040067
0 0.063224 0.395659 0.022051 0.026711
0 0.315112 0.388147 0.023747 0.028381
0 0.572089 0.388147 0.018658 0.021703
0 0.064072 0.977462 0.023747 0.021703
0 0.317656 0.979132 0.018658 0.021703
0 0.572937 0.977462 0.016962 0.021703