23 0.363797 0.218959 0.114387 0.099926
0 0.526533 0.221458 0.185142 0.104922
7 0.709906 0.218959 0.155660 0.099926
0 0.722288 0.397576 0.097877 0.062453
20 0.453420 0.401324 0.180425 0.074944
25 0.590802 0.492506 0.084906 0.057457
0 0.686910 0.490007 0.095519 0.062453
7 0.814269 0.488758 0.149764 0.059955
26 0.723467 0.803524 0.083726 0.064952
17 0.249410 0.486260 0.130896 0.074944
23 0.415094 0.490007 0.058962 0.062453
21 0.467571 0.492506 0.027123 0.062453
20 0.594340 0.803524 0.165094 0.069948