25 0.413352 0.257930 0.184126 0.065109
21 0.181841 0.258765 0.048739 0.060100
21 0.841175 0.734558 0.021662 0.033389
4 0.937299 0.625209 0.051447 0.041736
4 0.942715 0.685309 0.040616 0.038397
4 0.949484 0.771285 0.021662 0.030050
1 0.833728 0.806344 0.104248 0.030050
6 0.829667 0.868948 0.079878 0.031720
0 0.919699 0.734558 0.078524 0.026711
0 0.672618 0.257930 0.307328 0.068447
17 0.590709 0.198664 0.167880 0.040067
23 0.488492 0.314691 0.052801 0.035058
7 0.565663 0.313856 0.098832 0.030050
8 0.682772 0.314691 0.129971 0.031720
7 0.292181 0.432387 0.142156 0.046745
19 0.828990 0.770451 0.105602 0.028381