4 0.157364 0.319699 0.047494 0.028381
4 0.135313 0.353923 0.030532 0.023372
4 0.411797 0.311352 0.044102 0.028381
4 0.405860 0.348080 0.049190 0.028381
4 0.650115 0.347245 0.042405 0.020033
4 0.644179 0.313022 0.044102 0.028381
4 0.159060 0.906511 0.044102 0.030050
4 0.148035 0.942404 0.035621 0.035058
4 0.393138 0.941569 0.037317 0.026711
4 0.399075 0.904841 0.052583 0.026711
4 0.652660 0.904007 0.047494 0.031720
4 0.648419 0.943239 0.042405 0.033389
4 0.918966 0.912354 0.040709 0.031720
4 0.911333 0.955760 0.042405 0.035058
25 0.874016 0.166945 0.096684 0.030050
4 0.906244 0.126043 0.049190 0.035058
4 0.177718 0.423205 0.027139 0.021703
4 0.427911 0.415693 0.022051 0.020033
4 0.678103 0.414858 0.020355 0.021703
0 0.133617 0.395659 0.071241 0.020033
0 0.390594 0.385643 0.069545 0.020033
0 0.643330 0.384808 0.066153 0.021703
0 0.133617 0.976628 0.071241 0.026711
0 0.387201 0.977462 0.069545 0.021703
0 0.642482 0.979967 0.067849 0.016694
1 0.076793 0.452421 0.086507 0.026711
1 0.331226 0.443239 0.086507 0.025042
1 0.584811 0.445743 0.088203 0.020033
21 0.063224 0.393155 0.022051 0.025042
21 0.316808 0.386477 0.023747 0.018364
21 0.572089 0.385643 0.022051 0.026711
21 0.063224 0.979132 0.022051 0.021703
21 0.319353 0.978297 0.018658 0.020033
21 0.572089 0.978297 0.022051 0.020033
6 0.091211 0.546745 0.084811 0.028381
6 0.348188 0.545910 0.076330 0.033389
6 0.602621 0.545910 0.083115 0.026711