24 0.675277 0.570117 0.132069 0.045075
24 0.063031 0.660267 0.091307 0.031720
24 0.342659 0.659432 0.079894 0.030050
24 0.752725 0.659432 0.068480 0.026711
10 0.915773 0.660267 0.123917 0.028381
10 0.128250 0.703673 0.143482 0.025042
20 0.422552 0.704508 0.119025 0.030050
10 0.651635 0.703673 0.107612 0.031720
4 0.340213 0.840568 0.032610 0.028381
24 0.895392 0.842237 0.076633 0.031720
11 0.294559 0.886477 0.075002 0.026711
27 0.265211 0.929883 0.081524 0.026711
10 0.360594 0.929883 0.102720 0.030050
24 0.820390 0.929883 0.079894 0.026711
26 0.904359 0.928214 0.081524 0.030050
31 0.467390 0.842237 0.075002 0.028381
10 0.559513 0.841402 0.102720 0.030050
26 0.945937 0.702838 0.076633 0.030050
26 0.169827 0.658598 0.112503 0.031720