21 0.179835 0.117943 0.048349 0.071202
25 0.417453 0.119680 0.191038 0.078148
0 0.681604 0.113601 0.316038 0.086831
0 0.937500 0.673662 0.080189 0.036469
17 0.599646 0.046741 0.170991 0.046889
23 0.492335 0.185671 0.050708 0.039942
7 0.573703 0.185671 0.100236 0.043416
8 0.692217 0.186540 0.129717 0.045152
4 0.951061 0.526049 0.053066 0.060782
4 0.956368 0.611144 0.042453 0.053835
4 0.965212 0.718814 0.027123 0.032996
6 0.840802 0.834300 0.084906 0.041679
1 0.846698 0.763098 0.103774 0.041679
19 0.868514 0.718814 0.107311 0.032996
21 0.854953 0.673662 0.023585 0.036469
7 0.292453 0.290737 0.148585 0.055572