11 0.175208 0.107679 0.187407 0.065109
11 0.690930 0.240401 0.114135 0.036728
16 0.252707 0.190317 0.066227 0.036728
16 0.370365 0.241235 0.067636 0.035058
16 0.674021 0.189482 0.066227 0.041736
4 0.161117 0.188648 0.040863 0.040067
4 0.585249 0.188648 0.043681 0.036728
4 0.470409 0.189482 0.039454 0.038397
4 0.893837 0.191152 0.035227 0.041736
4 0.281593 0.241235 0.039454 0.035058
4 0.609908 0.239566 0.039454 0.038397
4 0.283002 0.528381 0.101453 0.088481
22 0.468296 0.245409 0.119771 0.043406
22 0.770543 0.194491 0.123999 0.038397
22 0.349933 0.191152 0.125408 0.041736
22 0.166049 0.848915 0.126817 0.041736
23 0.825497 0.713689 0.087363 0.048414
25 0.119549 0.591820 0.104272 0.038397
11 0.230866 0.590985 0.109908 0.040067