19 0.110240 0.230534 0.052482 0.046178
23 0.359730 0.231600 0.199431 0.044047
0 0.243463 0.293407 0.325387 0.056834
20 0.817533 0.143151 0.293091 0.066070
20 0.226103 0.824453 0.179245 0.049020
0 0.586209 0.825163 0.243838 0.040494
7 0.581768 0.778630 0.327002 0.042626
15 0.363767 0.934569 0.162290 0.033390
19 0.131636 0.961921 0.030682 0.031259
23 0.261883 0.966184 0.078018 0.025575
0 0.368208 0.963697 0.130801 0.023444
19 0.596706 0.963697 0.029067 0.033390
23 0.710147 0.966184 0.078319 0.025575
0 0.814303 0.962987 0.125149 0.023444