15 0.427235 0.119352 0.253632 0.039216
19 0.106807 0.188406 0.058084 0.049446
23 0.360923 0.187553 0.202325 0.044331
20 0.819301 0.145354 0.309780 0.067349
0 0.243788 0.250213 0.322365 0.058824
7 0.581157 0.783887 0.329141 0.040068
20 0.227331 0.833760 0.179092 0.051151
0 0.581641 0.829497 0.244920 0.037511
19 0.136333 0.971867 0.033882 0.030691
23 0.252984 0.973146 0.079381 0.028133
0 0.358987 0.973572 0.128752 0.027280
19 0.597130 0.971441 0.026138 0.026428
23 0.711846 0.973146 0.081317 0.033248
0 0.818817 0.973146 0.126816 0.031543
15 0.829996 0.941116 0.129997 0.028620